analysis_statistics:
  run1_bnb_nue_overlay_mcc9_v28_wctagger:
    cut_stats: {}
    failed: 0
    passed: 148967
    processing_time: 2069.073531150818
    total: 148967
producer_statistics:
  average_time_per_event: 0.01386627475889841
  execution_order:
  - xsfluxweight
  producer_metrics:
    xsfluxweight:
      average_time: 0.01386627475889841
      calls: 148967
      error_rate: 0.0
      errors: 0
      total_time: 2065.6173520088196
  total_events: 148967
  total_processing_time: 2065.6173520088196
  total_producers: 1
