analysis_statistics:
  run1_bnb_nu_overlay_mcc9_v28_wctagger:
    cut_stats: {}
    failed: 0
    passed: 149327
    processing_time: 6188.6106860637665
    total: 149327
producer_statistics:
  average_time_per_event: 0.04140408067656562
  execution_order:
  - xsfluxweight
  producer_metrics:
    xsfluxweight:
      average_time: 0.04140408067656562
      calls: 149327
      error_rate: 0.0
      errors: 0
      total_time: 6182.747155189514
  total_events: 149327
  total_processing_time: 6182.747155189514
  total_producers: 1
