analysis_statistics:
  run1_bnb_nue_overlay_mcc9_v28_wctagger:
    cut_stats: {}
    failed: 0
    passed: 1000
    processing_time: 8.105196475982666
    total: 1000
producer_statistics:
  average_time_per_event: 0.008070049524307251
  execution_order:
  - xsfluxweight
  producer_metrics:
    xsfluxweight:
      average_time: 0.008070049524307251
      calls: 1000
      error_rate: 0.0
      errors: 0
      total_time: 8.070049524307251
  total_events: 1000
  total_processing_time: 8.070049524307251
  total_producers: 1
