analysis_statistics:
  run1_bnb_nu_overlay_mcc9_v28_wctagger:
    cut_stats: {}
    failed: 0
    passed: 149327
    processing_time: 25.398353338241577
    total: 149327
producer_statistics:
  average_time_per_event: 0.000152100453501977
  execution_order:
  - xsfluxweight
  producer_metrics:
    xsfluxweight:
      average_time: 0.000152100453501977
      calls: 149327
      error_rate: 0.0
      errors: 0
      total_time: 22.71270442008972
  total_events: 149327
  total_processing_time: 22.71270442008972
  total_producers: 1
