analysis_statistics:
  run4b_v10_04_07_20_BNB_nu_overlay_retuple:
    cut_stats:
      remove_true_nue_cc:
        fail: 632862
        pass: 0
    failed: 0
    passed: 632862
    processing_time: 156.60305261611938
    total: 632862
producer_statistics:
  average_time_per_event: 0.00021760044774930766
  execution_order:
  - xsfluxweight
  producer_metrics:
    xsfluxweight:
      average_time: 0.00021760044774930766
      calls: 632862
      error_rate: 0.0
      errors: 0
      total_time: 137.71105456352234
  total_events: 632862
  total_processing_time: 137.71105456352234
  total_producers: 1
